    1   'Ag'    0.209021    0.245926
    2   'As'    1.000000    0.000000
    3   'Av'    1.000000    0.000000
    4   'ZERO'    0.000000    0.000000
    5   'delBg'   -0.000008    0.254706
    6   'delBs'    0.000005    0.156545
    7   'delBv'   -0.000036    0.116652
    8   'delCg'    0.000008    2.205588
    9   'delCs'    0.000026    0.802743
   10   'delCv'   -0.000002    0.035866
   11   'delDg'    0.000000    0.000000
   12   'delDs'    0.000000    0.000000
   13   'delDv'    0.000000    0.000000
   14   'delEg'    0.000004    0.008333
   15   'delEs'   -0.000006    0.009631
   16   'delEv'    0.001073    3.490610
   17   'gifl'    0.000000    0.000000
   18   'sifl'    1.000000    0.000000
   19   'vifl'    2.000000    0.000000
