    1   'Ag'    1.000000    0.000000
    2   'As'    2.431699    2.853366
    3   'Av'    1.000000    0.000000
    4   'ZERO'    0.000000    0.000000
    5   'delBg'    0.047090    0.213652
    6   'delBs'   -0.605152    0.435753
    7   'delBv'   -0.006375    0.035451
    8   'delCg'   -0.198420    1.442894
    9   'delCs'   -0.169860    1.918389
   10   'delCv'   -0.045106    0.071681
   11   'delDg'    0.000000    0.000000
   12   'delDs'    0.000000    0.000000
   13   'delDv'    0.000000    0.000000
   14   'delEg'    0.000000    0.000000
   15   'delEs'    0.762387    0.266339
   16   'delEv'    0.021555    0.027712
   17   'delFs'    0.000000    0.000000
   18   'delFv'    0.000000    0.000000
   19   'gifl'    0.000000    0.000000
   20   'sifl'    1.000000    0.000000
   21   'vifl'    2.000000    0.000000
