    1   'Ag'    1.000000    0.000000
    2   'As'    1.159485    0.485381
    3   'Av'    1.000000    0.000000
    4   'ZERO'    0.000000    0.000000
    5   'delBg'    0.429356    0.386800
    6   'delBs'    0.120861    0.174976
    7   'delBv'   -0.030439    0.091425
    8   'delCg'    7.865224    0.001856
    9   'delCs'    0.068994    0.603090
   10   'delCv'   -0.039869    0.231400
   11   'delDg'    0.000000    0.000000
   12   'delDs'    0.000000    0.000000
   13   'delDv'    0.000000    0.000000
   14   'delEg'   -1.123238    1.266782
   15   'delEs'    0.207016    0.042283
   16   'delEv'   -0.049689    0.203355
   17   'delFg'    0.000000    0.000000
   18   'delFs'    0.094667    0.026247
   19   'delFv'    0.007224    0.184343
   20   'delGs'    0.000000    0.000000
   21   'delGv'    0.000000    0.000000
   22   'gifl'    0.000000    0.000000
   23   'sifl'    1.000000    0.000000
   24   'vifl'    2.000000    0.000000
