    1   'Ag'    1.000000    0.000000
    2   'As'    7.700535    3.494106
    3   'Av'    1.000000    0.000000
    4   'ZERO'    0.000000    0.000000
    5   'delBg'    0.001275    0.012361
    6   'delBs'    0.142401    0.123299
    7   'delBv'   -0.598273    0.242340
    8   'delCg'    0.004701    0.009306
    9   'delCs'   -0.217927    0.357337
   10   'delCv'   -0.081245    0.083793
   11   'delDg'   -3.657148    2.655934
   12   'delDs'   -0.056485    0.507361
   13   'delDv'   -0.359236    0.250648
   14   'delEg'    2.501586    1.655776
   15   'delEs'   -0.644245    0.138301
   16   'delEv'   -0.764306    0.088597
   17   'delFg'    0.000000    0.000000
   18   'delFs'    0.000000    0.000000
   19   'delFv'    0.000000    0.000000
   20   'gifl'    0.000000    0.000000
   21   'sifl'    1.000000    0.000000
   22   'vifl'    2.000000    0.000000
