    1   'Ag'    1.000000    0.000000
    2   'As'    9.099965    6.037081
    3   'Av'    1.000000    0.000000
    4   'ZERO'    0.000000    0.000000
    5   'delBg'    0.094889    0.183773
    6   'delBs'   -0.013975    0.298186
    7   'delBv'   -0.251934    0.051757
    8   'delCg'    7.038522    0.005893
    9   'delCs'   -4.433563    0.745169
   10   'delCv'   -0.237734    0.056265
   11   'delDg'    0.000000    0.000000
   12   'delDs'    0.000000    0.000000
   13   'delDv'    0.000000    0.000000
   14   'delEg'    0.000000    0.005272
   15   'delEs'    0.000018    0.003338
   16   'delEv'   -0.162192    0.055661
   17   'delFg'    0.000000    0.000000
   18   'delFs'    0.000012    0.002691
   19   'delFv'    0.065576    0.013793
   20   'delGs'    0.000000    0.000000
   21   'delGv'    0.000000    0.000000
   22   'gifl'    0.000000    0.000000
   23   'sifl'    1.000000    0.000000
   24   'vifl'    2.000000    0.000000
