    1   'Ag'    1.000000    0.000000
    2   'As'    6.086641    1.343764
    3   'Av'    1.000000    0.000000
    4   'ZERO'    0.000000    0.000000
    5   'delBg'    0.000000    0.000000
    6   'delBs'    0.000000    0.000000
    7   'delBv'    0.009511    0.029961
    8   'delCg'   -0.113718    1.083888
    9   'delCs'   -0.341161    0.971514
   10   'delCv'    0.009057    0.025052
   11   'delDg'    0.000000    0.000000
   12   'delDs'    0.000000    0.000000
   13   'delDv'    0.000000    0.000000
   14   'gifl'    0.000000    0.000000
   15   'sifl'    1.000000    0.000000
   16   'vifl'    2.000000    0.000000
