    1   'Ag'    0.420892    0.027461
    2   'As'    1.000000    0.000000
    3   'Av'    1.000000    0.000000
    4   'ZERO'    0.000000    0.000000
    5   'delBg'   -0.004097    0.050969
    6   'delBs'    0.075320    0.299591
    7   'delBv'   -0.015051    0.039932
    8   'delCg'    0.075930    0.766913
    9   'delCs'    0.584546    1.912309
   10   'delCv'   -0.034630    0.073537
   11   'delDg'    0.000000    0.000000
   12   'delDs'    0.000000    0.000000
   13   'delDv'    0.000000    0.000000
   14   'delEg'   -0.000002    0.003522
   15   'delEs'    0.000015    0.003599
   16   'delEv'    0.040059    0.079995
   17   'delFg'    0.000000    0.000000
   18   'delFs'    0.000000    0.000000
   19   'delFv'    0.000000    0.000000
   20   'gifl'    0.000000    0.000000
   21   'sifl'    1.000000    0.000000
   22   'vifl'    2.000000    0.000000
