    1   'Ag'    0.421953    0.367049
    2   'As'    1.000000    0.000000
    3   'Av'    1.000000    0.000000
    4   'ZERO'    0.000000    0.000000
    5   'delBg'   -0.004019    0.196848
    6   'delBs'    0.004393    0.289281
    7   'delBv'   -0.016804    0.027135
    8   'delCg'   -0.000149    1.683948
    9   'delCs'    0.005504    1.674635
   10   'delCv'    0.001825    0.024661
   11   'delDg'    0.000000    0.000000
   12   'delDs'    0.000000    0.000000
   13   'delDv'    0.000000    0.000000
   14   'delEg'    0.000000    0.000000
   15   'delEs'    0.000000    0.000000
   16   'delEv'    0.000000    0.000000
   17   'gifl'    0.000000    0.000000
   18   'sifl'    1.000000    0.000000
   19   'vifl'    2.000000    0.000000
