    1   'Ag'    0.209028    0.237274
    2   'As'    1.000000    0.000000
    3   'Av'    1.000000    0.000000
    4   'ZERO'    0.000000    0.000000
    5   'delBg'   -0.002874    0.247195
    6   'delBs'    0.002716    0.154663
    7   'delBv'   -0.015745    0.117473
    8   'delCg'    0.155103    2.115728
    9   'delCs'    0.148106    0.798211
   10   'delCv'   -0.000255    0.035840
   11   'delDg'    0.000000    0.000000
   12   'delDs'    0.000000    0.000000
   13   'delDv'    0.000000    0.000000
   14   'delEg'    0.002431    0.006617
   15   'delEs'    0.115981    0.008777
   16   'delEv'    0.483371    3.511563
   17   'gifl'    0.000000    0.000000
   18   'sifl'    1.000000    0.000000
   19   'vifl'    2.000000    0.000000
