    1   'Ag'    0.209273    0.038733
    2   'As'    1.000000    0.000000
    3   'Av'    1.000000    0.000000
    4   'ZERO'    0.000000    0.000000
    5   'delBg'    0.035805    0.018157
    6   'delBs'    0.018428    0.160826
    7   'delBv'   -0.051112    0.032957
    8   'delCg'    0.225953    0.757126
    9   'delCs'   -0.073805    0.802075
   10   'delCv'   -0.002482    0.031748
   11   'delDg'    0.000000    0.000000
   12   'delDs'    0.000000    0.000000
   13   'delDv'    0.000000    0.000000
   14   'delEg'    0.004765    0.108163
   15   'delEs'   -0.116547    0.032275
   16   'delEv'    1.081796    0.734241
   17   'gifl'    0.000000    0.000000
   18   'sifl'    1.000000    0.000000
   19   'vifl'    2.000000    0.000000
