    1   'Ag'    1.000000    0.000000
    2   'As'    8.937741    6.719304
    3   'Av'    1.000000    0.000000
    4   'ZERO'    0.000000    0.000000
    5   'delBg'   -0.466824    0.275996
    6   'delBs'   -0.266916    0.310257
    7   'delBv'   -0.345523    0.054852
    8   'delCg'    2.515095    4.118777
    9   'delCs'   -0.683149    0.762722
   10   'delCv'   -0.117829    0.081432
   11   'delDg'    0.000000    0.000000
   12   'delDs'    0.000000    0.000000
   13   'delDv'    0.000000    0.000000
   14   'delEg'    0.000000    0.000000
   15   'delEs'   -0.731538    0.083907
   16   'delEv'   -0.023932    0.080139
   17   'delFs'    0.000000    0.000000
   18   'delFv'    0.000000    0.000000
   19   'gifl'    0.000000    0.000000
   20   'sifl'    1.000000    0.000000
   21   'vifl'    2.000000    0.000000
