    1   'Ag'    1.000000    0.000000
    2   'As'    9.557048    6.544028
    3   'Av'    1.000000    0.000000
    4   'ZERO'    0.000000    0.000000
    5   'delBg'    0.096131    0.198267
    6   'delBs'    0.084769    0.302597
    7   'delBv'   -0.290887    0.054402
    8   'delCg'    7.169785    0.068394
    9   'delCs'   -3.740870    0.775433
   10   'delCv'   -0.288920    0.066016
   11   'delDg'    0.000000    0.000000
   12   'delDs'    0.000000    0.000000
   13   'delDv'    0.000000    0.000000
   14   'delEg'   -0.000005    0.004328
   15   'delEs'    0.000129    0.009453
   16   'delEv'   -0.104635    0.028336
   17   'delFg'    0.000000    0.000000
   18   'delFs'    0.000075    0.005324
   19   'delFv'    0.109153    0.023119
   20   'delGs'    0.000000    0.000000
   21   'delGv'    0.000000    0.000000
   22   'gifl'    0.000000    0.000000
   23   'sifl'    1.000000    0.000000
   24   'vifl'    2.000000    0.000000
