    1   'Ag'    1.000000    0.000000
    2   'As'    9.533790    6.478279
    3   'Av'    1.000000    0.000000
    4   'ZERO'    0.000000    0.000000
    5   'delBg'    0.095904    0.193646
    6   'delBs'    0.083739    0.300688
    7   'delBv'   -0.290722    0.056940
    8   'delCg'    7.169912    0.065158
    9   'delCs'   -3.743030    0.763302
   10   'delCv'   -0.288753    0.068314
   11   'delDg'    0.000000    0.000000
   12   'delDs'    0.000000    0.000000
   13   'delDv'    0.000000    0.000000
   14   'delEg'   -0.000005    0.004329
   15   'delEs'    0.000155    0.008868
   16   'delEv'   -0.104537    0.028849
   17   'delFg'    0.000000    0.000000
   18   'delFs'    0.000088    0.004893
   19   'delFv'    0.109080    0.024646
   20   'delGs'    0.000000    0.000000
   21   'delGv'    0.000000    0.000000
   22   'gifl'    0.000000    0.000000
   23   'sifl'    1.000000    0.000000
   24   'vifl'    2.000000    0.000000
