    1   'Ag'    1.000000    0.000000
    2   'As'    1.026495    0.800167
    3   'Av'    1.000000    0.000000
    4   'ZERO'    0.000000    0.000000
    5   'delBg'   -0.183906    0.393847
    6   'delBs'   -0.550879    0.257122
    7   'delBv'   -0.012888    0.040477
    8   'delCg'   -0.689980    1.779411
    9   'delCs'   -0.145813    1.680111
   10   'delCv'   -0.045166    0.073154
   11   'delDg'    0.000000    0.000000
   12   'delDs'    0.000000    0.000000
   13   'delDv'    0.000000    0.000000
   14   'delEg'    1.724092    4.314479
   15   'delEs'    3.745481    0.114480
   16   'delEv'    0.055546    0.079539
   17   'delFg'    0.000000    0.000000
   18   'delFs'    0.000000    0.000000
   19   'delFv'    0.000000    0.000000
   20   'gifl'    0.000000    0.000000
   21   'sifl'    1.000000    0.000000
   22   'vifl'    2.000000    0.000000
