    1   'Ag'    1.000000    0.000000
    2   'As'   14.357273   11.610843
    3   'Av'    1.000000    0.000000
    4   'ZERO'    0.000000    0.000000
    5   'delBg'    0.714323    1.140762
    6   'delBs'    0.103445    0.380535
    7   'delBv'   -0.359094    0.049617
    8   'delCg'   41.401817   43.289329
    9   'delCs'   -0.120549    0.773766
   10   'delCv'   -0.093730    0.074369
   11   'delDg'    0.000000    0.000000
   12   'delDs'    0.000000    0.000000
   13   'delDv'    0.000000    0.000000
   14   'delEg'    0.000000    0.000000
   15   'delEs'   -0.509163    0.078464
   16   'delEv'   -0.049760    0.034143
   17   'delFs'    0.000000    0.000000
   18   'delFv'    0.000000    0.000000
   19   'gifl'    0.000000    0.000000
   20   'sifl'    1.000000    0.000000
   21   'vifl'    2.000000    0.000000
