    1   'Ag'    1.000000    0.000000
    2   'As'    4.752112    1.013700
    3   'Av'    1.000000    0.000000
    4   'ZERO'    0.000000    0.000000
    5   'delBg'    0.000000    0.000000
    6   'delBs'    0.000000    0.000000
    7   'delBv'  -16.245940    1.000000
    8   'delCg'   43.303284   79.901331
    9   'delCs'   -7.104993    1.000059
   10   'delCv'   58.876622    1.000001
   11   'delDg'    0.000000    0.000000
   12   'delDs'    0.000000    0.000000
   13   'delDv'    0.000000    0.000000
   14   'gifl'    0.000000    0.000000
   15   'sifl'    1.000000    0.000000
   16   'vifl'    2.000000    0.000000
