    1   'Ag'    1.000000    0.000000
    2   'As'    0.210000    0.050000
    3   'Av'    1.000000    0.000000
    4   'Bg'    0.000000    0.000000
    5   'Bs'    0.500000    0.100000   -1.000000   10.000000
    6   'Bv0'    0.000000    0.030000
    7   'Cg'    3.000000    1.000000
    8   'Cs'    8.000000    3.000000
    9   'Cv0'    0.000000    0.040000   -0.950000    9.050000
   10   'Dv0'    0.000000    0.000000
   11   'Ev0'    0.000000    0.030000
   12   'ZERO'    0.000000    0.000000
   13   'gifl'    0.000000    0.000000
   14   'sifl'    4.000000    0.000000
   15   'vifl'   10.000000    0.000000
