    1   'Ag'    1.000000    0.000000
    2   'As'    9.830187    7.730893
    3   'Av'    1.000000    0.000000
    4   'ZERO'    0.000000    0.000000
    5   'delBg'   -0.003968    0.196581
    6   'delBs'    0.024159    0.286297
    7   'delBv'   -0.006825    0.027092
    8   'delCg'    0.029173    1.668272
    9   'delCs'    0.054649    1.661859
   10   'delCv'    0.001804    0.024648
   11   'delDg'    0.000000    0.000000
   12   'delDs'    0.000000    0.000000
   13   'delDv'    0.000000    0.000000
   14   'gifl'    0.000000    0.000000
   15   'sifl'    1.000000    0.000000
   16   'vifl'    2.000000    0.000000
