    1   'Ag'    1.000000    0.000000
    2   'As'   22.772461   15.465049
    3   'Av'    1.000000    0.000000
    4   'ZERO'    0.000000    0.000000
    5   'delBg'    0.568294    1.716890
    6   'delBs'    0.203855    0.255817
    7   'delBv'   -0.083565    0.094440
    8   'delCg'   22.042136   88.043922
    9   'delCs'    0.961089    0.802705
   10   'delCv'    0.003333    0.058239
   11   'delDg'    0.000000    0.000000
   12   'delDs'   -0.335337    0.016655
   13   'delDv'   -0.057507    0.052671
   14   'delEg'    0.003613    0.013571
   15   'delEs'   -0.163543    0.114271
   16   'delEv'   -0.036541    0.052001
   17   'delFs'    0.000000    0.000000
   18   'delFv'    0.000000    0.000000
   19   'gifl'    0.000000    0.000000
   20   'sifl'    1.000000    0.000000
   21   'vifl'    2.000000    0.000000
