    1   'Ag'    0.182336    0.177220
    2   'As'    1.000000    0.000000
    3   'Av'    1.000000    0.000000
    4   'ZERO'    0.000000    0.000000
    5   'delBg'    0.345906    0.254943
    6   'delBs'   -0.310675    0.084274
    7   'delBv'   -0.641156    0.095000
    8   'delCg'   71.318668   38.967646
    9   'delCs'   -5.857326    0.337902
   10   'delCv'   -0.925182    0.091540
   11   'delDg'   25.732628   15.617732
   12   'delDs'   55.963352   31.899797
   13   'delDv'   -0.756795    0.233515
   14   'delEg'  -84.845174   51.814453
   15   'delEs'   38.689439   21.554242
   16   'delEv'   -0.151095    0.125807
   17   'delFg'    0.000000    0.000000
   18   'delFs'    0.000000    0.000000
   19   'delFv'    0.000000    0.000000
   20   'gifl'    0.000000    0.000000
   21   'sifl'    1.000000    0.000000
   22   'vifl'    2.000000    0.000000
