    1   'Ag'    0.209020    0.000000
    2   'As'    1.000000    0.000000
    3   'Av'    1.000000    0.000000
    4   'ZERO'    0.000000    0.000000
    5   'delBg'    0.000000    0.000000
    6   'delBs'    0.000000    0.000000
    7   'delBv'    0.000000    0.000000
    8   'delCg'    0.000000    0.000000
    9   'delCs'    0.000000    0.000000
   10   'delCv'    0.000000    0.000000
   11   'delDg'    0.000000    0.000000
   12   'delDs'    0.338631    0.057497
   13   'delDv'    0.000000    0.000000
   14   'delEg'    2.095486    0.161159
   15   'delEs'    0.084019    0.017297
   16   'delEv'    0.004178    0.006803
   17   'delFg'    0.000000    0.000000
   18   'delFs'    0.000000    0.000000
   19   'delFv'    0.000000    0.000000
   20   'gifl'    0.000000    0.000000
   21   'sifl'    1.000000    0.000000
   22   'vifl'    2.000000    0.000000
