    1   'Ag'    1.000000    0.000000
    2   'As'  285.212391  106.633873
    3   'Av'    1.000000    0.000000
    4   'ZERO'    0.000000    0.000000
    5   'delBg'   -0.122955    0.216444
    6   'delBs'    0.000000    0.000000
    7   'delBv'    0.023306    0.031792
    8   'delCg'    0.254249    3.910009
    9   'delCs'    6.093727    3.600582
   10   'delCv'   -0.037583    0.057617
   11   'delDg'    0.000000    0.000000
   12   'delDs'    0.000000    0.000000
   13   'delDv'    0.000000    0.000000
   14   'delEg'    3.920917    9.864799
   15   'delEs'    2.250006    7.206202
   16   'delEv'   -0.088251    0.084603
   17   'gifl'    0.000000    0.000000
   18   'sifl'    1.000000    0.000000
   19   'vifl'    2.000000    0.000000
