    1   'Ag'    1.000000    0.000000
    2   'As'    0.891690    0.500000
    3   'Av'    1.000000    0.000000
    4   'ZERO'    0.000000    0.000000
    5   'delBg'    0.000000    0.200000
    6   'delBs'    0.000000    0.300000
    7   'delBv'    0.000000    0.030000
    8   'delCg'    0.000000    0.000000
    9   'delCs'    0.000000    3.000000
   10   'delCv'    0.000000    0.040000
   11   'delDg'    0.000000    0.000000
   12   'delDs'    0.000000    0.000000
   13   'delDv'    0.000000    0.000000
   14   'delEg'    0.000000    0.100000
   15   'delEs'    0.000000    0.100000
   16   'delEv'    0.000000    0.100000
   17   'delFg'    0.000000    0.000000
   18   'delFs'    0.000000    0.100000
   19   'delFv'    0.000000    0.100000
   20   'delGs'    0.000000    0.000000
   21   'delGv'    0.000000    0.000000
   22   'gifl'    0.000000    0.000000
   23   'sifl'    1.000000    0.000000
   24   'vifl'    2.000000    0.000000
