    1   'Ag'    0.420901    0.026800
    2   'As'    1.000000    0.000000
    3   'Av'    1.000000    0.000000
    4   'ZERO'    0.000000    0.000000
    5   'delBg'   -0.004045    0.048894
    6   'delBs'    0.074986    0.296415
    7   'delBv'   -0.015090    0.038756
    8   'delCg'    0.075847    0.781944
    9   'delCs'    0.583294    1.901611
   10   'delCv'   -0.034693    0.072615
   11   'delDg'    0.000000    0.000000
   12   'delDs'    0.000000    0.000000
   13   'delDv'    0.000000    0.000000
   14   'delEg'    0.000004    0.003898
   15   'delEs'    0.000009    0.003847
   16   'delEv'    0.040098    0.079811
   17   'delFg'    0.000000    0.000000
   18   'delFs'    0.000000    0.000000
   19   'delFv'    0.000000    0.000000
   20   'gifl'    0.000000    0.000000
   21   'sifl'    1.000000    0.000000
   22   'vifl'    2.000000    0.000000
