    1   'Ag'    1.000000    0.000000
    2   'As'   22.768975   20.340212
    3   'Av'    1.000000    0.000000
    4   'ZERO'    0.000000    0.000000
    5   'delBg'   -0.000109    1.740806
    6   'delBs'   -0.000000    0.351620
    7   'delBv'   -0.000002    0.116833
    8   'delCg'    0.005918   89.041613
    9   'delCs'    0.000029    0.920677
   10   'delCv'    0.000005    0.058671
   11   'delDg'    0.000000    0.000000
   12   'delDs'   -0.000101    0.020307
   13   'delDv'    0.000001    0.062876
   14   'delEg'    0.000000    0.002889
   15   'delEs'    0.000001    0.140877
   16   'delEv'    0.000002    0.066102
   17   'delFg'    0.000000    0.000000
   18   'delFs'    0.000000    0.000000
   19   'delFv'    0.000000    0.000000
   20   'gifl'    0.000000    0.000000
   21   'sifl'    1.000000    0.000000
   22   'vifl'    2.000000    0.000000
