    1   'Ag'    1.000000    0.000000
    2   'As'    8.937741    6.719415
    3   'Av'    1.000000    0.000000
    4   'ZERO'    0.000000    0.000000
    5   'delBg'   -0.466824    0.276002
    6   'delBs'   -0.266915    0.310259
    7   'delBv'   -0.345523    0.054849
    8   'delCg'    2.515095    4.118831
    9   'delCs'   -0.683149    0.762718
   10   'delCv'   -0.117829    0.081430
   11   'delDg'    0.000000    0.000000
   12   'delDs'    0.000000    0.000000
   13   'delDv'    0.000000    0.000000
   14   'delEg'    0.000000    0.000000
   15   'delEs'   -0.703074    0.080644
   16   'delEv'   -0.023001    0.077020
   17   'delFs'    0.000000    0.000000
   18   'delFv'    0.000000    0.000000
   19   'gifl'    0.000000    0.000000
   20   'sifl'    1.000000    0.000000
   21   'vifl'    2.000000    0.000000
