    1   'Ag'    0.736963    0.482187
    2   'As'    1.000000    0.000000
    3   'Av'    1.000000    0.000000
    4   'ZERO'    0.000000    0.000000
    5   'delBg'    0.088006    0.160174
    6   'delBs'   -0.034153    0.214846
    7   'delBv'   -0.246636    0.048653
    8   'delCg'    7.095257    0.124847
    9   'delCs'   -4.509174    0.603050
   10   'delCv'   -0.224517    0.054954
   11   'delDg'    0.000000    0.000000
   12   'delDs'    0.000000    0.000000
   13   'delDv'    0.000000    0.000000
   14   'delEg'   -0.000009    0.007508
   15   'delEs'    0.007798    0.003041
   16   'delEv'   -0.174127    0.052980
   17   'delFg'    0.000000    0.000000
   18   'delFs'    0.004294    0.002206
   19   'delFv'    0.053678    0.026114
   20   'delGs'    0.000000    0.000000
   21   'delGv'    0.000000    0.000000
   22   'gifl'    0.000000    0.000000
   23   'sifl'    1.000000    0.000000
   24   'vifl'    2.000000    0.000000
