    1   'Ag'    0.779392    0.651518
    2   'As'    1.000000    0.000000
    3   'Av'    1.000000    0.000000
    4   'ZERO'    0.000000    0.000000
    5   'delBg'    0.100135    0.197840
    6   'delBs'   -0.010921    0.301051
    7   'delBv'   -0.253478    0.079194
    8   'delCg'    7.097708    0.057900
    9   'delCs'   -4.409682    0.985915
   10   'delCv'   -0.240681    0.153091
   11   'delDg'    0.000000    0.000000
   12   'delDs'    0.000000    0.000000
   13   'delDv'    0.000000    0.000000
   14   'delEg'   -0.000010    0.003686
   15   'delEs'    0.006941    0.007378
   16   'delEv'   -0.160246    0.132105
   17   'delFg'    0.000000    0.000000
   18   'delFs'    0.003851    0.004165
   19   'delFv'    0.067939    0.124597
   20   'delGs'    0.000000    0.000000
   21   'delGv'    0.000000    0.000000
   22   'gifl'    0.000000    0.000000
   23   'sifl'    1.000000    0.000000
   24   'vifl'    2.000000    0.000000
