    1   'Ag'    1.000000    0.000000
    2   'As'    1.118718    0.000389
    3   'Av'    1.000000    0.000000
    4   'Bg'   -2.139101    0.000613
    5   'Bs'   -2.617647    0.000219
    6   'Bv'    0.275342    0.002238
    7   'Cg'    1.303740    0.000553
    8   'Cs'    2.795996    0.000178
    9   'Cv'    0.825719    0.000833
   10   'Dg'    0.068256    0.000435
   11   'Ds'    2.358789    0.001034
   12   'Dv'    0.525585    0.000274
   13   'Eg'   -1.000829    0.000566
   14   'Es'   -0.895929    0.000800
   15   'Fg'    0.080626    0.000606
   16   'Fs'    2.231899    0.001538
   17   'Gg'    0.935039    0.001925
   18   'Gs'    1.783724    0.001664
   19   'Hg'   -0.218971    0.000506
   20   'Ns'    1.000000    0.000000
