    1   'Ag'    1.000000    0.000000
    2   'As'   38.738927    0.326994
    3   'Av'    1.000000    0.000000
    4   'ZERO'    0.000000    0.000000
    5   'delBg'    2.887615    0.318086
    6   'delBs'    0.176922    0.058367
    7   'delBv'   -0.517591    0.037483
    8   'delCg'  145.506656    0.327361
    9   'delCs'   -0.584831    0.228559
   10   'delCv'   -0.084787    0.056703
   11   'delDg'    0.000000    0.000000
   12   'delDs'    0.000000    0.000000
   13   'delDv'    0.000000    0.000000
   14   'delEg'   -0.000342    1.667334
   15   'delEs'    0.000003    0.000636
   16   'delEv'   -0.345996    0.048640
   17   'delFg'    0.000000    0.000000
   18   'delFs'    0.000001    0.000287
   19   'delFv'   -0.072634    0.034780
   20   'delGs'    0.000000    0.000000
   21   'delGv'    0.000000    0.000000
   22   'gifl'    0.000000    0.000000
   23   'sifl'    1.000000    0.000000
   24   'vifl'    2.000000    0.000000
