    1   'Ag'    1.000000    0.000000
    2   'As'   60.978422   16.647004
    3   'Av'    1.000000    0.000000
    4   'ZERO'    0.000000    0.000000
    5   'delBg'    2.478942    1.375258
    6   'delBs'    0.337916    0.167032
    7   'delBv'   -0.524834    0.028823
    8   'delCg'   87.115660   50.262435
    9   'delCs'    0.562811    0.446650
   10   'delCv'   -0.142570    0.043202
   11   'delDg'    0.000000    0.000000
   12   'delDs'    0.000000    0.000000
   13   'delDv'    0.000000    0.000000
   14   'delEg'    0.055995    0.066862
   15   'delEs'   -0.014017    0.019896
   16   'delEv'   -0.253658    0.022673
   17   'delFg'    0.000000    0.000000
   18   'delFs'   -0.005388    0.007693
   19   'delFv'   -0.016855    0.021391
   20   'delGs'    0.000000    0.000000
   21   'delGv'    0.000000    0.000000
   22   'gifl'    0.000000    0.000000
   23   'sifl'    1.000000    0.000000
   24   'vifl'    2.000000    0.000000
