    1   'Ag'    1.000000    0.000000
    2   'As'    1.092711    0.935319
    3   'Av'    1.000000    0.000000
    4   'ZERO'    0.000000    0.000000
    5   'delBg'    0.366456    1.079471
    6   'delBs'    0.064159    0.749008
    7   'delBv'   -0.332587    0.509179
    8   'delCg'    7.865648    0.047345
    9   'delCs'   -4.285985    1.039976
   10   'delCv'   -0.344852    0.778375
   11   'delDg'    0.000000    0.000000
   12   'delDs'    0.000000    0.000000
   13   'delDv'    0.000000    0.000000
   14   'delEg'   -3.347911    1.107481
   15   'delEs'    0.400453    0.992484
   16   'delEv'   -0.248865    0.892855
   17   'delFg'    0.000000    0.000000
   18   'delFs'    0.612697    1.023064
   19   'delFv'    0.104671    0.535992
   20   'delGs'    0.000000    0.000000
   21   'delGv'    0.000000    0.000000
   22   'gifl'    0.000000    0.000000
   23   'sifl'    1.000000    0.000000
   24   'vifl'    2.000000    0.000000
