    1   'Ag'    1.000000    0.000000
    2   'As'    1.813215    0.308935
    3   'Av'    1.000000    0.000000
    4   'ZERO'    0.000000    0.000000
    5   'delBg'   -0.270201    1.419533
    6   'delBs'   -0.669521    0.033738
    7   'delBv'   -0.030152    0.013421
    8   'delCg'   -4.483808    0.361308
    9   'delCs'   -0.971058    0.236059
   10   'delCv'   -0.077670    0.044433
   11   'delDg'    0.000000    0.000000
   12   'delDs'    0.000000    0.000000
   13   'delDv'    0.000000    0.000000
   14   'delEg'    0.000000    0.000000
   15   'delEs'    0.715789    0.171825
   16   'delEv'   -0.047564    0.011523
   17   'delFs'    1.245305    0.182748
   18   'delFv'   -0.018443    0.009185
   19   'delGs'    0.000000    0.000000
   20   'delGv'    0.000000    0.000000
   21   'gifl'    0.000000    0.000000
   22   'sifl'    1.000000    0.000000
   23   'vifl'    2.000000    0.000000
