    1   'Ag'    1.000000    0.000000
    2   'As'    0.262414    0.032198
    3   'Av'    1.000000    0.000000
    4   'ZERO'    0.000000    0.000000
    5   'delBg'  -28.734078  111.604226
    6   'delBs'   -1.016472    0.034614
    7   'delBv'   -0.014361    0.032961
    8   'delCg'   -2.974386    9.741303
    9   'delCs'   -1.935523    0.562381
   10   'delCv'   -0.042431    0.048329
   11   'delDg'    0.000000    0.000000
   12   'delDs'    0.000000    0.000000
   13   'delDv'    0.000000    0.000000
   14   'delEg'    0.000000    0.000000
   15   'delEs'    4.261736    0.007422
   16   'delEv'    0.020347    0.014788
   17   'delFs'    5.277723    0.025181
   18   'delFv'    0.029122    0.010071
   19   'delGs'    0.000000    0.000000
   20   'delGv'    0.000000    0.000000
   21   'gifl'    0.000000    0.000000
   22   'sifl'    1.000000    0.000000
   23   'vifl'    2.000000    0.000000
