    1   'Ag'    1.000000    0.000000
    2   'As'   11.360038    0.945900
    3   'Av'    1.000000    0.000000
    4   'ZERO'    0.000000    0.000000
    5   'delBg'    0.149013    0.185298
    6   'delBs'    0.269511    0.156153
    7   'delBv'    0.238392    0.079757
    8   'delCg'    7.223710    0.137759
    9   'delCs'   -0.400501    0.555054
   10   'delCv'    0.981470    0.067718
   11   'delDg'    0.000000    0.000000
   12   'delDs'    0.000000    0.000000
   13   'delDv'    0.000000    0.000000
   14   'delEg'    0.000000    0.000000
   15   'delEs'    0.058647    0.374838
   16   'delEv'   -0.574479    0.157937
   17   'delFs'   -0.343197    0.216733
   18   'delFv'   -0.839071    0.106496
   19   'delGs'    0.000000    0.000000
   20   'delGv'    0.000000    0.000000
   21   'gifl'    0.000000    0.000000
   22   'sifl'    1.000000    0.000000
   23   'vifl'    2.000000    0.000000
