    1   'Ag'    1.000000    0.000000
    2   'As'   10.911965    2.965699
    3   'Av'    1.000000    0.000000
    4   'ZERO'    0.000000    0.000000
    5   'delBg'    0.057364    0.213396
    6   'delBs'    0.176645    0.115475
    7   'delBv'    0.083686    0.031488
    8   'delCg'    7.170885    0.101603
    9   'delCs'    0.218389    1.247918
   10   'delCv'    0.957446    0.047770
   11   'delDg'    0.000000    0.000000
   12   'delDs'    0.000000    0.000000
   13   'delDv'    0.000000    0.000000
   14   'delEg'    0.000000    0.000000
   15   'delEs'    0.549198    0.346774
   16   'delEv'   -0.844279    0.045112
   17   'delFs'   -0.084536    0.329038
   18   'delFv'   -0.916042    0.043459
   19   'delGs'    0.000000    0.000000
   20   'delGv'    0.000000    0.000000
   21   'gifl'    0.000000    0.000000
   22   'sifl'    1.000000    0.000000
   23   'vifl'    2.000000    0.000000
