    1   'Ag'    1.000000    0.000000
    2   'As'    0.590057    0.397690
    3   'Av'    1.000000    0.000000
    4   'ZERO'    0.000000    0.000000
    5   'delBg'   -0.431898    0.200967
    6   'delBs'   -0.859209    0.169845
    7   'delBv'   -0.271483    0.035123
    8   'delCg'    0.631362    1.418160
    9   'delCs'    0.218419    1.166014
   10   'delCv'   -0.098972    0.061360
   11   'delDg'    0.000000    0.000000
   12   'delDs'    0.000000    0.000000
   13   'delDv'    0.000000    0.000000
   14   'delEg'    0.000000    0.000000
   15   'delEs'    7.067846    4.135401
   16   'delEv'    0.061366    0.063900
   17   'delFs'    0.000000    0.000000
   18   'delFv'    0.000000    0.000000
   19   'gifl'    0.000000    0.000000
   20   'sifl'    1.000000    0.000000
   21   'vifl'    2.000000    0.000000
