    1   'Ag'    1.000000    0.000000
    2   'As'    4.484938    2.190171
    3   'Av'    1.000000    0.000000
    4   'ZERO'    0.000000    0.000000
    5   'delBg'   -0.213646    0.307045
    6   'delBs'   -0.265651    0.171268
    7   'delBv'   -0.229005    0.067093
    8   'delCg'    1.518740    6.917391
    9   'delCs'   -4.618503    0.587186
   10   'delCv'    0.053611    0.043321
   11   'delDg'    0.000000    0.000000
   12   'delDs'    0.000000    0.000000
   13   'delDv'    0.000000    0.000000
   14   'delEg'    0.000002    0.001989
   15   'delEs'    0.000005    0.002439
   16   'delEv'   -0.383041    0.100042
   17   'delFg'    0.000000    0.000000
   18   'delFs'    0.000000    0.000000
   19   'delFv'    0.000000    0.000000
   20   'gifl'    0.000000    0.000000
   21   'sifl'    1.000000    0.000000
   22   'vifl'    2.000000    0.000000
