    1   'Ag'    1.000000    0.000000
    2   'As'    3.885483    0.916241
    3   'Av'    1.000000    0.000000
    4   'ZERO'    0.000000    0.000000
    5   'delBg'    0.659792    1.538756
    6   'delBs'   -0.475183    0.087978
    7   'delBv'   -0.528577    0.032960
    8   'delCg'   88.533701  111.100673
    9   'delCs'   -0.782244    0.306038
   10   'delCv'    0.020335    0.035759
   11   'delDg'    0.000000    0.000000
   12   'delDs'    0.000000    0.000000
   13   'delDv'    0.000000    0.000000
   14   'delEg'    0.000000    0.000000
   15   'delEs'    0.302933    0.193244
   16   'delEv'   -0.466101    0.041265
   17   'delFs'    0.000000    0.000000
   18   'delFv'    0.000000    0.000000
   19   'gifl'    0.000000    0.000000
   20   'sifl'    1.000000    0.000000
   21   'vifl'    2.000000    0.000000
