    1   'Ag'    1.000000    0.000000
    2   'As'   14.527159    8.761238
    3   'Av'    1.000000    0.000000
    4   'ZERO'    0.000000    0.000000
    5   'delBg'    1.480529    0.796869
    6   'delBs'    0.240238    0.254870
    7   'delBv'   -0.320845    0.077945
    8   'delCg'   69.211695   32.661107
    9   'delCs'   -3.620732    0.794497
   10   'delCv'   -0.322731    0.174792
   11   'delDg'    0.000000    0.000000
   12   'delDs'    0.000000    0.000000
   13   'delDv'    0.000000    0.000000
   14   'delEg'    0.000000    0.004983
   15   'delEs'    0.000299    0.006138
   16   'delEv'   -0.164861    0.152716
   17   'delFg'    0.000000    0.000000
   18   'delFs'    0.000236    0.000673
   19   'delFv'    0.108560    0.142194
   20   'delGs'    0.000000    0.000000
   21   'delGv'    0.000000    0.000000
   22   'gifl'    0.000000    0.000000
   23   'sifl'    1.000000    0.000000
   24   'vifl'    2.000000    0.000000
