    1   'Ag'    1.000000    0.000000
    2   'As'   15.225812    5.714423
    3   'Av'    1.000000    0.000000
    4   'ZERO'    0.000000    0.000000
    5   'delBg'    1.454031    0.656483
    6   'delBs'    0.253146    0.164803
    7   'delBv'   -0.332935    0.054429
    8   'delCg'   67.250983   29.953121
    9   'delCs'   -3.514663    0.456941
   10   'delCv'   -0.357366    0.075579
   11   'delDg'    0.000000    0.000000
   12   'delDs'    0.000000    0.000000
   13   'delDv'    0.000000    0.000000
   14   'delEg'    0.000001    0.004541
   15   'delEs'    0.004970    0.013317
   16   'delEv'   -0.132901    0.030086
   17   'delFg'    0.000000    0.000000
   18   'delFs'    0.002923    0.001987
   19   'delFv'    0.139356    0.027154
   20   'delGs'    0.000000    0.000000
   21   'delGv'    0.000000    0.000000
   22   'gifl'    0.000000    0.000000
   23   'sifl'    1.000000    0.000000
   24   'vifl'    2.000000    0.000000
