    1   'Ag'    1.000000    0.000000
    2   'As'   10.600000    0.000000
    3   'Av'    1.000000    0.000000
    4   'ZERO'    0.000000    0.000000
    5   'delBg'    0.000000    0.000000
    6   'delBs'    0.000000    0.000000
    7   'delBv'    0.000000    0.000000
    8   'delCg'    0.000000    0.000000
    9   'delCs'    0.000000    0.000000
   10   'delCv'    0.000000    0.000000
   11   'delDg'    0.001409    2.422767
   12   'delDs'   -0.005045    0.190477
   13   'delDv'   -0.000780    0.088516
   14   'delEg'   -0.001053    4.538682
   15   'delEs'   -0.003062    0.576325
   16   'delEv'   -0.000789    0.084378
   17   'delFg'   -0.000819   14.582055
   18   'delFs'   -0.008938    6.249889
   19   'delFv'    0.001777    0.084169
   20   'gifl'    0.000000    0.000000
   21   'sifl'    1.000000    0.000000
   22   'vifl'    2.000000    0.000000
