    1   'Ag'    1.000000    0.000000
    2   'As'   12.941215   10.596447
    3   'Av'    1.000000    0.000000
    4   'ZERO'    0.000000    0.000000
    5   'delBg'    0.001562    0.189367
    6   'delBs'    0.080785    0.289318
    7   'delBv'   -0.015318    0.038871
    8   'delCg'    0.124281    1.608877
    9   'delCs'    0.607646    1.722898
   10   'delCv'   -0.034759    0.069598
   11   'delDg'    0.000000    0.000000
   12   'delDs'    0.000000    0.000000
   13   'delDv'    0.000000    0.000000
   14   'delEg'    0.000002    0.005277
   15   'delEs'    0.000008    0.005149
   16   'delEv'    0.040214    0.074224
   17   'delFg'    0.000000    0.000000
   18   'delFs'    0.000000    0.000000
   19   'delFv'    0.000000    0.000000
   20   'gifl'    0.000000    0.000000
   21   'sifl'    1.000000    0.000000
   22   'vifl'    2.000000    0.000000
