    1   'Ag'   49.301050   69.088740
    2   'As'    1.000000    0.000000
    3   'Av'    1.000000    0.000000
    4   'ZERO'    0.000000    0.000000
    5   'delBg'    0.897332    0.293507
    6   'delBs'    0.126378    0.119558
    7   'delBv'   -0.514177    0.016647
    8   'delCg'   58.153065   33.815960
    9   'delCs'   -0.880565    0.522084
   10   'delCv'   -0.072753    0.031013
   11   'delDg'    0.000000    0.000000
   12   'delDs'    0.000000    0.000000
   13   'delDv'    0.000000    0.000000
   14   'delEg'   -0.000082    0.007094
   15   'delEs'   -0.000045    0.017995
   16   'delEv'   -0.364065    0.013510
   17   'delFg'    0.000000    0.000000
   18   'delFs'   -0.000017    0.008538
   19   'delFv'   -0.084778    0.015128
   20   'delGs'    0.000000    0.000000
   21   'delGv'    0.000000    0.000000
   22   'gifl'    0.000000    0.000000
   23   'sifl'    1.000000    0.000000
   24   'vifl'    2.000000    0.000000
