    1   'Ag'    0.201516    0.112352
    2   'As'    1.000000    0.000000
    3   'Av'    1.000000    0.000000
    4   'ZERO'    0.000000    0.000000
    5   'delBg'   -0.120407    0.098953
    6   'delBs'    0.098569    0.103534
    7   'delBv'   -0.482202    0.046275
    8   'delCg'    6.577756   13.181355
    9   'delCs'   -1.149575    0.751283
   10   'delCv'   -0.045915    0.061980
   11   'delDg'    0.000000    0.000000
   12   'delDs'    0.000000    0.000000
   13   'delDv'    0.000000    0.000000
   14   'delEg'   -0.002306    0.011980
   15   'delEs'   -0.011027    0.029362
   16   'delEv'   -0.363672    0.094277
   17   'delFg'    0.000000    0.000000
   18   'delFs'   -0.003647    0.009708
   19   'delFv'   -0.098472    0.050840
   20   'delGs'    0.000000    0.000000
   21   'delGv'    0.000000    0.000000
   22   'gifl'    0.000000    0.000000
   23   'sifl'    1.000000    0.000000
   24   'vifl'    2.000000    0.000000
