    1   'Ag'    1.000000    0.000000
    2   'As'    0.589663    0.397400
    3   'Av'    1.000000    0.000000
    4   'ZERO'    0.000000    0.000000
    5   'delBg'    0.042398    0.200990
    6   'delBs'   -0.592306    0.169776
    7   'delBv'   -0.014696    0.035107
    8   'delCg'   -0.194698    1.418226
    9   'delCs'    0.031204    1.165483
   10   'delCv'   -0.050789    0.061324
   11   'delDg'    0.000000    0.000000
   12   'delDs'    0.000000    0.000000
   13   'delDv'    0.000000    0.000000
   14   'delEg'    0.000000    0.000000
   15   'delEs'    7.071660    4.137030
   16   'delEv'    0.061402    0.063867
   17   'delFs'    0.000000    0.000000
   18   'delFv'    0.000000    0.000000
   19   'gifl'    0.000000    0.000000
   20   'sifl'    1.000000    0.000000
   21   'vifl'    2.000000    0.000000
