    1   'Ag'    1.000000    0.000000
    2   'As'   12.936908   11.906555
    3   'Av'    1.000000    0.000000
    4   'ZERO'    0.000000    0.000000
    5   'delBg'    0.001632    0.193130
    6   'delBs'    0.080638    0.327034
    7   'delBv'   -0.015335    0.039379
    8   'delCg'    0.123935    1.675040
    9   'delCs'    0.607445    1.862140
   10   'delCv'   -0.034790    0.070325
   11   'delDg'    0.000000    0.000000
   12   'delDs'    0.000000    0.000000
   13   'delDv'    0.000000    0.000000
   14   'delEg'   -0.000000    0.004807
   15   'delEs'    0.000005    0.004391
   16   'delEv'    0.040243    0.075602
   17   'delFg'    0.000000    0.000000
   18   'delFs'    0.000000    0.000000
   19   'delFv'    0.000000    0.000000
   20   'gifl'    0.000000    0.000000
   21   'sifl'    1.000000    0.000000
   22   'vifl'    2.000000    0.000000
