    1   'Ag'    0.173637    0.245468
    2   'As'    1.000000    0.000000
    3   'Av'    1.000000    0.000000
    4   'ZERO'    0.000000    0.000000
    5   'delBg'   -0.195972    0.330341
    6   'delBs'   -0.242524    0.168468
    7   'delBv'   -0.247086    0.050277
    8   'delCg'    8.416936    7.864910
    9   'delCs'   -4.632816    0.586344
   10   'delCv'    0.057637    0.042467
   11   'delDg'    0.000000    0.000000
   12   'delDs'    0.000000    0.000000
   13   'delDv'    0.000000    0.000000
   14   'delEg'    0.000000    0.003506
   15   'delEs'    0.000009    0.003655
   16   'delEv'   -0.415447    0.069028
   17   'delFg'    0.000000    0.000000
   18   'delFs'    0.000000    0.000000
   19   'delFv'    0.000000    0.000000
   20   'gifl'    0.000000    0.000000
   21   'sifl'    1.000000    0.000000
   22   'vifl'    2.000000    0.000000
