    1   'Ag'    1.000000    0.000000
    2   'As'    4.690988    1.921522
    3   'Av'    1.000000    0.000000
    4   'ZERO'    0.000000    0.000000
    5   'delBg'   -0.000122    0.259534
    6   'delBs'    0.000016    0.156075
    7   'delBv'    0.000086    0.120279
    8   'delCg'   -0.001456    2.156805
    9   'delCs'    0.000046    0.806741
   10   'delCv'    0.000014    0.036124
   11   'delDg'    0.000000    0.000000
   12   'delDs'    0.000000    0.000000
   13   'delDv'    0.000000    0.000000
   14   'delEg'   -0.000016    0.004755
   15   'delEs'    0.000065    0.008765
   16   'delEv'   -0.002381    3.624155
   17   'gifl'    0.000000    0.000000
   18   'sifl'    1.000000    0.000000
   19   'vifl'    2.000000    0.000000
