    1   'Ag'    1.000000    0.000000
    2   'As'    4.691272    1.824986
    3   'Av'    1.000000    0.000000
    4   'ZERO'    0.000000    0.000000
    5   'delBg'   -0.010924    0.248838
    6   'delBs'    0.005587    0.145780
    7   'delBv'   -0.052260    0.170620
    8   'delCg'    0.027230    2.028145
    9   'delCs'    0.024163    0.746932
   10   'delCv'   -0.003064    0.035718
   11   'delDg'    0.000000    0.000000
   12   'delDs'    0.000000    0.000000
   13   'delDv'    0.000000    0.000000
   14   'delEg'    0.004632    0.012301
   15   'delEs'   -0.000258    0.010079
   16   'delEv'    1.302832    5.235926
   17   'gifl'    0.000000    0.000000
   18   'sifl'    1.000000    0.000000
   19   'vifl'    2.000000    0.000000
