    1   'Ag'    0.795301    0.208445
    2   'As'    1.000000    0.000000
    3   'Av'    1.000000    0.000000
    4   'ZERO'    0.000000    0.000000
    5   'delBg'    0.096315    0.074031
    6   'delBs'    0.071048    0.211564
    7   'delBv'   -0.286299    0.063172
    8   'delCg'    7.167336    0.078397
    9   'delCs'   -3.809937    0.556677
   10   'delCv'   -0.276086    0.078238
   11   'delDg'    0.000000    0.000000
   12   'delDs'    0.000000    0.000000
   13   'delDv'    0.000000    0.000000
   14   'delEg'   -0.001332    0.005636
   15   'delEs'    0.008345    0.003484
   16   'delEv'   -0.117469    0.026234
   17   'delFg'    0.000000    0.000000
   18   'delFs'    0.004631    0.002497
   19   'delFv'    0.097475    0.030636
   20   'delGs'    0.000000    0.000000
   21   'delGv'    0.000000    0.000000
   22   'gifl'    0.000000    0.000000
   23   'sifl'    1.000000    0.000000
   24   'vifl'    2.000000    0.000000
