    1   'Ag'    0.813089    0.204287
    2   'As'    1.000000    0.000000
    3   'Av'    1.000000    0.000000
    4   'ZERO'    0.000000    0.000000
    5   'delBg'    0.101996    0.072589
    6   'delBs'    0.081346    0.203821
    7   'delBv'   -0.286903    0.063728
    8   'delCg'    7.059292    0.240419
    9   'delCs'   -3.783965    0.553079
   10   'delCv'   -0.275869    0.078026
   11   'delDg'    0.000000    0.000000
   12   'delDs'    0.000000    0.000000
   13   'delDv'    0.000000    0.000000
   14   'delEg'   -0.000499    0.009571
   15   'delEs'    0.008206    0.002622
   16   'delEv'   -0.118463    0.026171
   17   'delFg'    0.000000    0.000000
   18   'delFs'    0.004734    0.002007
   19   'delFv'    0.097461    0.030363
   20   'delGs'    0.000000    0.000000
   21   'delGv'    0.000000    0.000000
   22   'gifl'    0.000000    0.000000
   23   'sifl'    1.000000    0.000000
   24   'vifl'    2.000000    0.000000
