    1   'Ag'    1.673847    1.421818
    2   'As'    1.000000    0.000000
    3   'Av'    1.000000    0.000000
    4   'ZERO'    0.000000    0.000000
    5   'delBg'    0.203415    0.172801
    6   'delBs'    0.044557    0.201760
    7   'delBv'   -0.301085    0.055838
    8   'delCg'   18.536117    9.151278
    9   'delCs'   -4.053541    0.550833
   10   'delCv'   -0.292849    0.071093
   11   'delDg'    0.000000    0.000000
   12   'delDs'    0.000000    0.000000
   13   'delDv'    0.000000    0.000000
   14   'delEg'    0.028437    0.089870
   15   'delEs'    0.019452    0.016038
   16   'delEv'   -0.151716    0.056144
   17   'delFg'    0.000000    0.000000
   18   'delFs'    0.009794    0.005713
   19   'delFv'    0.091408    0.037249
   20   'delGs'    0.000000    0.000000
   21   'delGv'    0.000000    0.000000
   22   'gifl'    0.000000    0.000000
   23   'sifl'    1.000000    0.000000
   24   'vifl'    2.000000    0.000000
