    1   'Ag'   68.145878    1.833047
    2   'As'    1.000000    0.000000
    3   'Av'    1.000000    0.000000
    4   'ZERO'    0.000000    0.000000
    5   'delBg'    0.928440    0.987940
    6   'delBs'    0.219796    1.001756
    7   'delBv'   -0.317127    0.704328
    8   'delCg'   43.862443    1.244321
    9   'delCs'   -3.645274    1.002501
   10   'delCv'   -0.317793    0.957229
   11   'delDg'    0.000000    0.000000
   12   'delDs'    0.000000    0.000000
   13   'delDv'    0.000000    0.000000
   14   'delEg'    0.000000    0.206147
   15   'delEs'    0.000031    0.812781
   16   'delEv'   -0.158177    0.912103
   17   'delFg'    0.000000    0.000000
   18   'delFs'    0.000022    0.522126
   19   'delFv'    0.107811    0.905590
   20   'delGs'    0.000000    0.000000
   21   'delGv'    0.000000    0.000000
   22   'gifl'    0.000000    0.000000
   23   'sifl'    1.000000    0.000000
   24   'vifl'    2.000000    0.000000
