    1   'Ag'    0.430000    0.000000
    2   'As'    1.000000    0.000000
    3   'Av'    1.000000    0.000000
    4   'ZERO'    0.000000    0.000000
    5   'delBg'    0.000000    0.000000
    6   'delBs'    0.000000    0.000000
    7   'delBv'    0.000000    0.000000
    8   'delCg'    0.000000    0.000000
    9   'delCs'    0.000000    0.000000
   10   'delCv'    0.000000    0.000000
   11   'delDg'    0.000000    0.000000
   12   'delDs'    0.000000    0.000000
   13   'delDv'    0.000000    0.000000
   14   'delEg'    0.000013    0.537889
   15   'delEs'    0.004685    0.555674
   16   'delEv'   -0.000505    0.027979
   17   'delFg'    0.003982    3.662384
   18   'delFs'   -0.002861    6.676252
   19   'delFv'   -0.001681    0.043087
   20   'gifl'    0.000000    0.000000
   21   'sifl'    1.000000    0.000000
   22   'vifl'    2.000000    0.000000
