    1   'Ag'    1.000000    0.000000
    2   'As'    9.796100    0.000000
    3   'Av'    1.000000    0.000000
    4   'ZERO'    0.000000    0.000000
    5   'delBg'    0.000000    0.000000
    6   'delBs'    0.000000    0.000000
    7   'delBv'    0.000000    0.000000
    8   'delCg'    0.000000    0.000000
    9   'delCs'    0.000000    0.000000
   10   'delCv'    0.000000    0.000000
   11   'delDg'    0.000000    0.000000
   12   'delDs'    0.000000    0.000000
   13   'delDv'    0.000000    0.000000
   14   'delEg'   -1.916887    0.141008
   15   'delEs'   -0.183319    0.000088
   16   'delEv'    0.003213    0.000417
   17   'delFg'    0.000000    0.000000
   18   'delFs'    0.000000    0.000000
   19   'delFv'   -0.000000    0.000000
   20   'gifl'    0.000000    0.000000
   21   'sifl'    1.000000    0.000000
   22   'vifl'    2.000000    0.000000
