    1   'Ag'    2.310887    0.609104
    2   'As'    1.000000    0.000000
    3   'Av'    1.000000    0.000000
    4   'ZERO'    0.000000    0.000000
    5   'delBg'   -0.874581    0.094631
    6   'delBs'    0.089221    0.204324
    7   'delBv'   -0.018120    0.009599
    8   'delCg'  -44.356674   13.386489
    9   'delCs'    0.637555    0.661713
   10   'delCv'   -0.006196    0.059809
   11   'delDg'    0.000000    0.000000
   12   'delDs'   -0.263873    0.044053
   13   'delDv'   -0.015627    0.010756
   14   'delEg'   -0.050098    0.090175
   15   'delEs'   -0.121010    0.140441
   16   'delEv'    0.002528    0.049431
   17   'delFs'    0.000000    0.000000
   18   'delFv'    0.000000    0.000000
   19   'gifl'    0.000000    0.000000
   20   'sifl'    1.000000    0.000000
   21   'vifl'    2.000000    0.000000
