    1   'Ag'    1.000000    0.000000
    2   'As'    9.796100    0.000000
    3   'Av'    1.000000    0.000000
    4   'ZERO'    0.000000    0.000000
    5   'delBg'    0.000000    0.000000
    6   'delBs'    0.000000    0.000000
    7   'delBv'    0.000000    0.000000
    8   'delCg'    0.000000    0.000000
    9   'delCs'    0.000000    0.000000
   10   'delCv'    0.000000    0.000000
   11   'delDg'    0.000000    0.000000
   12   'delDs'    0.000000    0.000000
   13   'delDv'    0.000000    0.000000
   14   'delEg'   -0.047039    0.010119
   15   'delEs'   -0.015174    0.007599
   16   'delEv'   -0.001734    0.019562
   17   'gifl'    0.000000    0.000000
   18   'sifl'    1.000000    0.000000
   19   'vifl'    2.000000    0.000000
