    1   'Ag'    1.000000    0.000000
    2   'As'    0.619904    1.780590
    3   'Av'    1.000000    0.000000
    4   'ZERO'    0.000000    0.000000
    5   'delBg'   -0.191761    0.410689
    6   'delBs'   -0.651223    0.593621
    7   'delBv'   -0.011950    0.041052
    8   'delCg'   -0.743626    1.819260
    9   'delCs'   -0.371716    2.187274
   10   'delCv'   -0.044496    0.073529
   11   'delDg'    0.000000    0.000000
   12   'delDs'    0.000000    0.000000
   13   'delDv'    0.000000    0.000000
   14   'delEg'    2.037694    5.353558
   15   'delEs'    5.464349   10.664696
   16   'delEv'    0.054790    0.080177
   17   'delFg'    0.000000    0.000000
   18   'delFs'    0.000000    0.000000
   19   'delFv'    0.000000    0.000000
   20   'gifl'    0.000000    0.000000
   21   'sifl'    1.000000    0.000000
   22   'vifl'    2.000000    0.000000
