    1   'Ag'    1.000000    0.000000
    2   'As'  150.807006   26.522899
    3   'Av'    1.000000    0.000000
    4   'ZERO'    0.000000    0.000000
    5   'delBg'    0.396796    0.420712
    6   'delBs'    0.785186    0.089006
    7   'delBv'   -0.100343    0.034888
    8   'delCg'    0.006521    6.489167
    9   'delCs'    2.893384    0.353530
   10   'delCv'   -0.171925    0.070327
   11   'delDg'    0.000000    0.000000
   12   'delDs'    0.000000    0.000000
   13   'delDv'    0.000000    0.000000
   14   'delEg'   -1.846378    0.586627
   15   'delEs'   -0.249391    0.053534
   16   'delEv'   -0.031163    0.069355
   17   'delFg'    0.000000    0.000000
   18   'delFs'    0.060437    0.064413
   19   'delFv'    0.101252    0.048458
   20   'delGs'    0.000000    0.000000
   21   'delGv'    0.000000    0.000000
   22   'gifl'    0.000000    0.000000
   23   'sifl'    1.000000    0.000000
   24   'vifl'    2.000000    0.000000
