    1   'Ag'    0.000000    0.000000
    2   'As'    1.000000    0.000000
    3   'Av'    1.000000    0.000000
    4   'ZERO'    0.000000    0.000000
    5   'delBg'    0.000000    0.000000
    6   'delBs'   -1.307496    0.119014
    7   'delBv'   -0.444351    0.071750
    8   'delCg'    0.000000    0.000000
    9   'delCs'   -4.550817    0.487254
   10   'delCv'   -0.337799    0.137149
   11   'delDg'    0.000000    0.000000
   12   'delDs'    0.000000    0.000000
   13   'delDv'    0.000000    0.000000
   14   'delEs'   29.499288   13.542224
   15   'delEv'   -0.026516    0.334064
   16   'delFs'   24.098111   10.859071
   17   'delFv'    0.684961    0.428636
   18   'delGs'    0.000000    0.000000
   19   'delGv'    0.000000    0.000000
   20   'gifl'    0.000000    0.000000
   21   'sifl'    1.000000    0.000000
   22   'vifl'    2.000000    0.000000
