    1   'Ag'    1.000000    0.000000
    2   'As'   22.772217   20.138356
    3   'Av'    1.000000    0.000000
    4   'ZERO'    0.000000    0.000000
    5   'delBg'    0.000069    1.760579
    6   'delBs'   -0.000006    0.348239
    7   'delBv'   -0.000001    0.118174
    8   'delCg'   -0.002632   90.054831
    9   'delCs'   -0.000023    0.912437
   10   'delCv'    0.000003    0.058690
   11   'delDg'    0.000000    0.000000
   12   'delDs'    0.000000    0.023428
   13   'delDv'    0.000000    0.064328
   14   'delEg'    0.000000    0.009869
   15   'delEs'    0.000005    0.139687
   16   'delEv'    0.000002    0.066387
   17   'delFs'    0.000000    0.000000
   18   'delFv'    0.000000    0.000000
   19   'gifl'    0.000000    0.000000
   20   'sifl'    1.000000    0.000000
   21   'vifl'    2.000000    0.000000
