    1   'Ag'    1.000000    0.000000
    2   'As'    0.587340    0.395878
    3   'Av'    1.000000    0.000000
    4   'ZERO'    0.000000    0.000000
    5   'delBg'    0.042722    0.201129
    6   'delBs'   -0.593113    0.169815
    7   'delBv'   -0.014659    0.035122
    8   'delCg'   -0.193146    1.419172
    9   'delCs'    0.027770    1.165913
   10   'delCv'   -0.050721    0.061353
   11   'delDg'    0.000000    0.000000
   12   'delDs'    0.000000    0.000000
   13   'delDv'    0.000000    0.000000
   14   'delEg'    0.000000    0.000000
   15   'delEs'    7.373909    4.312181
   16   'delEv'    0.063801    0.066478
   17   'delFs'    0.000000    0.000000
   18   'delFv'    0.000000    0.000000
   19   'gifl'    0.000000    0.000000
   20   'sifl'    1.000000    0.000000
   21   'vifl'    2.000000    0.000000
