    1   'Ag'    1.000000    0.000000
    2   'As'  318.118096   91.071801
    3   'Av'    1.000000    0.000000
    4   'ZERO'    0.000000    0.000000
    5   'delBg'   -0.131531    0.207708
    6   'delBs'    0.000000    0.000000
    7   'delBv'    0.027083    0.029736
    8   'delCg'    0.098502    3.604578
    9   'delCs'    8.530096    0.803856
   10   'delCv'   -0.046706    0.049153
   11   'delDg'    0.000000    0.000000
   12   'delDs'    0.000000    0.000000
   13   'delDv'    0.000000    0.000000
   14   'delEg'    3.955553    9.435778
   15   'delEs'    9.462109    6.711889
   16   'delEv'   -0.106696    0.067537
   17   'gifl'    0.000000    0.000000
   18   'sifl'    1.000000    0.000000
   19   'vifl'    2.000000    0.000000
